image: my_map.pgm
resolution: 0.100000
origin: [-20.050000, -20.050000, 0.0]
negate: 0
occupied_thresh: 0.65
free_thresh: 0.196

